1 0.000979492
2 0.000910595
3 0.000931276
4 0.000889588
5 0.000912256
6 0.000862196
7 0.000850582
8 0.000828447
9 0.000823436
10 0.000836341
11 0.000858125
12 0.000831942
13 0.000800753
14 0.000885296
15 0.000831497
16 0.000907238
17 0.000865212
18 0.000856199
19 0.00086816
20 0.000741487
21 0.000759106
22 0.000710101
23 0.000881039
24 0.000870782
25 0.000918995
26 0.000989582
27 0.000996123
28 0.00100729
29 0.00090463
30 0.000880117
31 0.000886916
32 0.000869818
33 0.000897617
34 0.000911812
35 0.000881406
36 0.000864219
37 0.000848822
38 0.000883762
39 0.000912378
40 0.000848149
41 0.000858487
42 0.000856749
43 0.000820752
44 0.000922226
45 0.000985985
46 0.000895125
47 0.000949048
48 0.000953017
49 0.000879696
50 0.00085836
51 0.000867062
52 0.000854638
53 0.000893238
54 0.000862177
55 0.000876313
56 0.000902146
57 0.000911959
58 0.000894471
59 0.000881917
60 0.000763406
61 0.0007508
62 0.000751899
63 0.000725289
64 0.000684235
65 0.000731331
66 0.000704382
67 0.00067272
68 0.000657648
69 0.000661582
70 0.00065193
71 0.000594144
72 0.000552049
73 0.000555806
74 0.000557609
75 0.000555506
76 0.000555083
77 0.000555414
78 0.00055605
79 0.000555347
80 0.000553733
81 0.000554771
82 0.00055458
83 0.00055544
84 0.000553529
85 0.000545378
